0.31416  6.28319  0.67645 
0.62832  6.28319  0.63391 
0.94248  6.28319  0.56112 
1.25664  6.28319  0.45591 
1.57080  6.28319  0.31712 
1.88496  6.28319  0.14749 
2.19911  6.28319  -0.04147 
2.51327  6.28319  -0.22427 
2.82743  6.28319  -0.36157 
3.14159  6.28319  -0.41319 
3.45575  6.28319  -0.36157 
3.76991  6.28319  -0.22427 
4.08407  6.28319  -0.04147 
4.39823  6.28319  0.14749 
4.71239  6.28319  0.31712 
5.02655  6.28319  0.45591 
5.34071  6.28319  0.56112 
5.65487  6.28319  0.63391 
5.96903  6.28319  0.67645 

