#Spectral radius results, implicit scattering 100cm 1 group problem with fixed h=0.2, S16, sigT = 1.0, 5 mfp crs, c=0.9
#Relf, inner=1 |   2   |   3  |  5  |  10   |  20
0.0     0.999    0.997  0.996  0.993  0.987  0.974
0.1     0.941    0.917  0.907  0.897  0.888  0.876
0.2     0.921    0.869  0.839  0.811  0.791  0.777
0.3     0.912    0.840  0.790  0.736  0.695  0.679
0.4     0.978    0.822  0.756  0.673  0.603  0.581
0.5     1.34     0.809  0.731  0.623  0.515  0.484
0.6     1.71     0.800  0.713  0.583  0.434  0.386
0.7     2.08     1.01   0.709  0.564  0.362  0.289
0.8     2.45     1.23   0.784  0.564  0.318  0.194
0.9     2.83     1.44   0.946  0.564  0.318  0.104
1.0     3.20     1.66   1.11   0.643  0.318  0.101
