#Spectral radius results, implicit scattering 100cm 1 group problem with fixed h=0.2, S16, sigT = 1.0 
#Relax factor | 1mfp> c=0.9 | c=0.5 | c=0.2 | 3mfp> c=0.9 | c=0.5 | c=0.2 | 5mfp> c=0.9 | c=0.5 | c=0.2 | 10mfp> c=0.9 | c=0.5 | c=0.2
0.0                0.987      0.997   0.998        0.987    0.997   0.998      0.987     0.997   0.998      0.987       0.997  0.998
0.1                0.888      0.898   0.900        0.890    0.908   0.915      0.894     0.924   0.935      0.910       0.958  0.970
0.2                0.789      0.802   0.806        0.799    0.841   0.861      0.815     0.886   0.910      0.866       0.950  0.966
0.3                0.691      0.711   0.720        0.715    0.793   0.827      0.751     0.864   0.898      0.840       1.18   1.52
0.4                0.595      0.625   0.642        0.640    0.758   0.804      0.700     0.851   0.891      0.823       1.73   2.20
0.5                0.501      0.548   0.575        0.575    0.733   0.788      0.660     0.919   1.19       0.905       2.28   2.88
0.6                0.410      0.481   0.519        0.520    0.714   0.777      0.629     1.19    1.53       1.16        2.84   3.56
0.7                0.326      0.425   0.475        0.478    0.738   0.957      0.605     1.46    1.87       1.42        3.39   4.24
0.8                0.250      0.380   0.440        0.439    0.906   1.16       0.692     1.74    2.21       1.68        3.95   4.93
0.9                0.190      0.345   0.413        0.437    1.08    1.37       0.829     2.02    2.55       1.94        4.51   5.61
1.0                0.160      0.348   0.432        0.533    1.25    1.58       0.968     2.30    2.89       2.21        5.07   6.29
