  H20k.02m    1.000000 0.00000E+00  07/10/13 
                                                                                
      0   0.000000      0   0.000000      0   0.000000      0   0.000000
      0   0.000000      0   0.000000      0   0.000000      0   0.000000
      0   0.000000      0   0.000000      0   0.000000      0   0.000000
      0   0.000000      0   0.000000      0   0.000000      0   0.000000
       70     0000        0        0        7        1        6        0
        0        0        0        1        0        0        0        0
        1       22        0        0        0       29        0        0
        0        0        0        0       36        0        0        0
        0        0        0        0        0        0        0        0
        0        0        0        0        0        0        0        0
            7.000000            6.000000            5.000000            4.000000 
            3.000000            2.000000            1.000000            1.000000
            1.000000            1.000000            1.000000            1.000000
            1.000000            1.000000            1.000000            1.000000
            1.000000            1.000000            1.000000            1.000000
            1.000000            0.230070            0.776460            1.484200
            1.505200            1.559200            2.025400            3.305700
          6.0105E-04          1.5793E-05          3.3716E-04          1.9406E-03
          5.7416E-03          1.5001E-02          3.7239E-02                  37
         4.44777E-02          1.1340E-01          7.2347E-04          3.7499E-06      
         5.31840E-08         0.00000E+00         0.00000E+00         0.00000E+00
         2.82334E-01         1.29940E-01         6.23400E-04         4.80020E-05         
         7.44860E-06         1.04550E-06         0.00000E+00         3.45256E-01         
         2.24570E-01         1.69990E-02         2.64430E-03         5.03440E-04         
         0.00000E+00         9.10284E-02         4.15510E-01         6.37320E-02         
         1.21390E-02         7.14370E-05         1.39138E-01         5.11820E-01         
         6.12290E-02         2.21570E-03         6.99913E-01         5.37320E-01         
         1.32440E-01         2.48070E+00
FissCk.02m    1.000000 0.00000E+00  07/10/13 
                                                                                
      0   0.000000      0   0.000000      0   0.000000      0   0.000000
      0   0.000000      0   0.000000      0   0.000000      0   0.000000
      0   0.000000      0   0.000000      0   0.000000      0   0.000000
      0   0.000000      0   0.000000      0   0.000000      0   0.000000
       91     0000        0        0        7        1        6        0
        0        1        0        1        0        0        0        0
        1       22       29       36       43       50        0        0
        0        0        0        0       57        0        0        0
        0        0        0        0        0        0        0        0
        0        0        0        0        0        0        0        0
            7.000000            6.000000            5.000000            4.000000 
            3.000000            2.000000            1.000000            1.000000
            1.000000            1.000000            1.000000            1.000000
            1.000000            1.000000            1.000000            1.000000
            1.000000            1.000000            1.000000            1.000000
            1.000000         1.90730E-01         4.56520E-01         6.40700E-01
         6.49840E-01         6.70630E-01         8.75060E-01         1.43450E+00
         4.79002E-09         5.82564E-09         4.63719E-07         5.24406E-06 
         1.45390E-07         7.14972E-07         2.08041E-06         2.76283E+00 
         2.46239E+00         2.43380E+00         2.43380E+00         2.43380E+00 
         2.43380E+00         2.43380E+00         5.87910E-01         4.11760E-01
         3.39060E-04         1.17610E-07         0.00000E+00         0.00000E+00
         0.00000E+00         5.11315E-04         7.58072E-05         3.15966E-04 
         1.16226E-03         3.39755E-03         9.18789E-03         2.32419E-02 
                  58         6.61659E-02         5.90700E-02         2.83340E-04 
         1.46220E-06         2.06420E-08         0.00000E+00         0.00000E+00
         0.00000E+00         2.40377E-01         5.24350E-02         2.49900E-04 
         1.92390E-05         2.98750E-06         4.21400E-07         0.00000E+00 
         1.83425E-01         9.22880E-02         6.93650E-03         1.07900E-03 
         2.05430E-04         0.00000E+00         7.90769E-02         1.69990E-01 
         2.58600E-02         4.92560E-03         3.73400E-05         9.97570E-02 
         2.06790E-01         2.44780E-02         9.17420E-04         3.16774E-01 
         2.38760E-01         4.97930E-02         1.09910E+00
Guidek.02m    1.000000 0.00000E+00  07/10/13 
                                                                                
      0   0.000000      0   0.000000      0   0.000000      0   0.000000
      0   0.000000      0   0.000000      0   0.000000      0   0.000000
      0   0.000000      0   0.000000      0   0.000000      0   0.000000
      0   0.000000      0   0.000000      0   0.000000      0   0.000000
       70     0000        0        0        7        1        6        0
        0        0        0        1        0        0        0        0
        1       22        0        0        0       29        0        0
        0        0        0        0       36        0        0        0
        0        0        0        0        0        0        0        0
        0        0        0        0        0        0        0        0
            7.000000            6.000000            5.000000            4.000000 
            3.000000            2.000000            1.000000            1.000000
            1.000000            1.000000            1.000000            1.000000
            1.000000            1.000000            1.000000            1.000000
            1.000000            1.000000            1.000000            1.000000
            1.000000         1.90730E-01         4.56520E-01         6.40670E-01
         6.49670E-01         6.70580E-01         8.75050E-01         1.43450E+00
         5.11320E-04         7.58010E-05         3.15720E-04         1.15820E-03
         3.39750E-03         9.18780E-03         2.32420E-02                  37
         6.61659E-02         5.90700E-02         2.83340E-04         1.46220E-06 
         2.06420E-08         0.00000E+00         0.00000E+00         0.00000E+00 
         2.40377E-01         5.24350E-02         2.49900E-04         1.92390E-05 
         2.98750E-06         4.21400E-07         0.00000E+00         1.83297E-01 
         9.23970E-02         6.94460E-03         1.08030E-03         2.05670E-04
         0.00000E+00         7.88511E-02         1.70140E-01         2.58810E-02 
         4.92970E-03         3.73330E-05         9.97372E-02         2.06790E-01 
         2.44780E-02         9.17260E-04         3.16765E-01         2.38770E-01
         4.97920E-02         1.09912E+00
 MOX4k.02m    1.000000 0.00000E+00  07/10/13 
                                                                                
      0   0.000000      0   0.000000      0   0.000000      0   0.000000
      0   0.000000      0   0.000000      0   0.000000      0   0.000000
      0   0.000000      0   0.000000      0   0.000000      0   0.000000
      0   0.000000      0   0.000000      0   0.000000      0   0.000000
       91     0000        0        0        7        1        6        0
        0        1        0        1        0        0        0        0
        1       22       29       36       43       50        0        0
        0        0        0        0       57        0        0        0
        0        0        0        0        0        0        0        0
        0        0        0        0        0        0        0        0
            7.000000            6.000000            5.000000            4.000000 
            3.000000            2.000000            1.000000            1.000000
            1.000000            1.000000            1.000000            1.000000
            1.000000            1.000000            1.000000            1.000000
            1.000000            1.000000            1.000000            1.000000
            1.000000         2.11920E-01         3.55810E-01         4.88900E-01
         5.71940E-01         4.32390E-01         6.84950E-01         6.88910E-01
         7.62704E-03         8.76898E-04         5.69835E-03         2.28872E-02 
         1.07635E-02         2.32757E-01         2.48968E-01         2.85209E+00 
         2.89099E+00         2.85486E+00         2.86073E+00         2.85447E+00 
         2.86415E+00         2.86780E+00         5.87910E-01         4.11760E-01
         3.39060E-04         1.17610E-07         0.00000E+00         0.00000E+00
         0.00000E+00         8.06860E-04         2.88080E-03         2.22717E-02 
         8.13228E-02         1.29177E-01         1.76423E-01         1.60382E-01 
                  58         1.28876E-01         4.14130E-02         8.22900E-06 
         5.04050E-09         0.00000E+00         0.00000E+00         0.00000E+00 
         0.00000E+00         3.25452E-01         1.63950E-03         1.59820E-09 
         0.00000E+00         0.00000E+00         0.00000E+00         0.00000E+00 
         4.53188E-01         2.61420E-03         0.00000E+00         0.00000E+00
         0.00000E+00         0.00000E+00         4.57173E-01         5.53940E-03
         0.00000E+00         0.00000E+00         1.60460E-04         2.76814E-01 
         9.31270E-03         9.16560E-09         2.00510E-03         2.52962E-01 
         1.48500E-02         8.49480E-03         2.65007E-01
 MOX7k.02m    1.000000 0.00000E+00  07/10/13 
                                                                                
      0   0.000000      0   0.000000      0   0.000000      0   0.000000
      0   0.000000      0   0.000000      0   0.000000      0   0.000000
      0   0.000000      0   0.000000      0   0.000000      0   0.000000
      0   0.000000      0   0.000000      0   0.000000      0   0.000000
       91     0000        0        0        7        1        6        0
        0        1        0        1        0        0        0        0
        1       22       29       36       43       50        0        0
        0        0        0        0       57        0        0        0
        0        0        0        0        0        0        0        0
        0        0        0        0        0        0        0        0
            7.000000            6.000000            5.000000            4.000000 
            3.000000            2.000000            1.000000            1.000000
            1.000000            1.000000            1.000000            1.000000
            1.000000            1.000000            1.000000            1.000000
            1.000000            1.000000            1.000000            1.000000 
            1.000000         2.14540E-01         3.59350E-01         4.98910E-01
         5.96220E-01         4.80350E-01         8.39360E-01         8.59480E-01
         8.25446E-03         1.32565E-03         8.42156E-03         3.28730E-02 
         1.59636E-02         3.23794E-01         3.62803E-01         2.88498E+00 
         2.91079E+00         2.86574E+00         2.87063E+00         2.86714E+00 
         2.86658E+00         2.87539E+00         5.87910E-01         4.11760E-01
         3.39060E-04         1.17610E-07         0.00000E+00         0.00000E+00
         0.00000E+00         8.11240E-04         2.97105E-03         2.44594E-02 
         8.91570E-02         1.67016E-01         2.44666E-01         2.22407E-01 
                  58         1.30457E-01         4.17920E-02         8.51050E-06 
         5.13290E-09         0.00000E+00         0.00000E+00         0.00000E+00
         0.00000E+00         3.28428E-01         1.64360E-03         2.20170E-09 
         0.00000E+00         0.00000E+00         0.00000E+00         0.00000E+00 
         4.58371E-01         2.53310E-03         0.00000E+00         0.00000E+00 
         0.00000E+00         0.00000E+00         4.63709E-01         5.47660E-03 
         0.00000E+00         0.00000E+00         1.76190E-04         2.82313E-01 
         8.72890E-03         9.00160E-09         2.27600E-03         2.49751E-01
         1.31140E-02         8.86450E-03         2.59529E-01
 MOX8k.02m    1.000000 0.00000E+00  07/10/13 
                                                                                
      0   0.000000      0   0.000000      0   0.000000      0   0.000000
      0   0.000000      0   0.000000      0   0.000000      0   0.000000
      0   0.000000      0   0.000000      0   0.000000      0   0.000000
      0   0.000000      0   0.000000      0   0.000000      0   0.000000
       91     0000        0        0        7        1        6        0
        0        1        0        1        0        0        0        0
        1       22       29       36       43       50        0        0
        0        0        0        0       57        0        0        0
        0        0        0        0        0        0        0        0
        0        0        0        0        0        0        0        0
            7.000000            6.000000            5.000000            4.000000 
            3.000000            2.000000            1.000000            1.000000
            1.000000            1.000000            1.000000            1.000000
            1.000000            1.000000            1.000000            1.000000
            1.000000            1.000000            1.000000            1.000000
            1.000000         2.16280E-01         3.61700E-01         5.05630E-01
         6.11170E-01         5.08900E-01         9.26670E-01         9.60990E-01   
         8.67209E-03         1.62426E-03         1.02716E-02         3.90447E-02 
         1.92576E-02         3.74888E-01         4.30599E-01         2.90426E+00 
         2.91795E+00         2.86986E+00         2.87491E+00         2.87175E+00 
         2.86752E+00         2.87808E+00         5.87910E-01         4.11760E-01
         3.39060E-04         1.17610E-07         0.00000E+00         0.00000E+00
         0.00000E+00         8.14110E-04         3.03134E-03         2.59684E-02 
         9.36753E-02         1.89142E-01         2.83812E-01         2.59571E-01
                  58         1.31504E-01         4.20460E-02         8.69720E-06
         5.19380E-09         0.00000E+00         0.00000E+00         0.00000E+00
         0.00000E+00         3.30403E-01         1.64630E-03         2.60060E-09 
         0.00000E+00         0.00000E+00         0.00000E+00         0.00000E+00 
         4.61792E-01         2.47490E-03         0.00000E+00         0.00000E+00 
         0.00000E+00         0.00000E+00         4.68021E-01         5.43300E-03 
         0.00000E+00         0.00000E+00         1.85970E-04         2.85771E-01 
         8.39730E-03         8.92800E-09         2.39160E-03         2.47614E-01 
         1.23220E-02         8.96810E-03         2.56093E-01
  UO2k.02m    1.000000 0.00000E+00  07/10/13 
                                                                                
      0   0.000000      0   0.000000      0   0.000000      0   0.000000
      0   0.000000      0   0.000000      0   0.000000      0   0.000000
      0   0.000000      0   0.000000      0   0.000000      0   0.000000
      0   0.000000      0   0.000000      0   0.000000      0   0.000000
       91     0000        0        0        7        1        6        0
        0        1        0        1        0        0        0        0
        1       22       29       36       43       50        0        0
        0        0        0        0       57        0        0        0
        0        0        0        0        0        0        0        0
        0        0        0        0        0        0        0        0
            7.000000            6.000000            5.000000            4.000000 
            3.000000            2.000000            1.000000            1.000000
            1.000000            1.000000            1.000000            1.000000
            1.000000            1.000000            1.000000            1.000000
            1.000000            1.000000            1.000000            1.000000
            1.000000         2.12450E-01         3.55470E-01         4.85540E-01
         5.59400E-01         3.18030E-01         4.01460E-01         5.70610E-01
         7.21206E-03         8.19301E-04         6.45320E-03         1.85648E-02 
         1.78084E-02         8.30348E-02         2.16004E-01         2.78145E+00 
         2.47443E+00         2.43383E+00         2.43380E+00         2.43380E+00 
         2.43380E+00         2.43380E+00         5.87910E-01         4.11760E-01
         3.39060E-04         1.17610E-07         0.00000E+00         0.00000E+00
         0.00000E+00         8.12740E-04         2.89810E-03         2.03158E-02 
         7.76712E-02         1.22116E-02         2.82252E-02         6.67760E-02 
                  58         1.27537E-01         4.23780E-02         9.43740E-06 
         5.51630E-09         0.00000E+00         0.00000E+00         0.00000E+00
         0.00000E+00         3.24456E-01         1.63140E-03         3.14270E-09
         0.00000E+00         0.00000E+00         0.00000E+00         0.00000E+00 
         4.50940E-01         2.67920E-03         0.00000E+00         0.00000E+00 
         0.00000E+00         0.00000E+00         4.52565E-01         5.56640E-03 
         0.00000E+00         0.00000E+00         1.25250E-04         2.71401E-01 
         1.02550E-02         1.00210E-08         1.29680E-03         2.65802E-01 
         1.68090E-02         8.54580E-03         2.73080E-01
