  H20k.01m    1.000000 0.00000E+00  07/01/13 
                                                                                
      0   0.000000      0   0.000000      0   0.000000      0   0.000000
      0   0.000000      0   0.000000      0   0.000000      0   0.000000
      0   0.000000      0   0.000000      0   0.000000      0   0.000000
      0   0.000000      0   0.000000      0   0.000000      0   0.000000
        7        0        0        0        1        0        1        0
        0        0        0        1        0        0        0        0
        1        4        0        0        0        5        0        0
        0        0        0        0        6        0        0        0
        0        0        0        0        0        0        0        0
        0        0        0        0        0        0        0        0
            1.000000                 1.0                 1.0            0.174712 
            0.000933                   7            0.173779
 Cladk.01m    1.000000 0.00000E+00  07/01/13 
                                                                                
      0   0.000000      0   0.000000      0   0.000000      0   0.000000
      0   0.000000      0   0.000000      0   0.000000      0   0.000000
      0   0.000000      0   0.000000      0   0.000000      0   0.000000
      0   0.000000      0   0.000000      0   0.000000      0   0.000000
        7     0000        0        0        1        0        1        0
        0        0        0        1        0        0        0        0
        1        4        0        0        0        5        0        0
        0        0        0        0        6        0        0        0
        0        0        0        0        0        0        0        0
        0        0        0        0        0        0        0        0
                 1.0                 1.0                 1.0            0.211339
            0.036729                   7             0.17461
  Gapk.01m    1.000000 0.00000E+00  07/01/13 
                                                                                
      0   0.000000      0   0.000000      0   0.000000      0   0.000000
      0   0.000000      0   0.000000      0   0.000000      0   0.000000
      0   0.000000      0   0.000000      0   0.000000      0   0.000000
      0   0.000000      0   0.000000      0   0.000000      0   0.000000
        7     0000        0        0        1        0        1        0
        0        0        0        1        0        0        0        0
        1        4        0        0        0        5        0        0
        0        0        0        0        6        0        0        0
        0        0        0        0        0        0        0        0
        0        0        0        0        0        0        0        0
                 1.0                 1.0                 1.0                0.04
               0.001                   7               0.039
 Fuelk.01m    1.000000 0.00000E+00  07/01/13 
                                                                                
      0   0.000000      0   0.000000      0   0.000000      0   0.000000
      0   0.000000      0   0.000000      0   0.000000      0   0.000000
      0   0.000000      0   0.000000      0   0.000000      0   0.000000
      0   0.000000      0   0.000000      0   0.000000      0   0.000000
       10     0000        0        0        1        0        1        0
        0        1        0        1        0        0        0        0
        1        4        5        6        7        8        0        0
        0        0        0        0        9        0        0        0
        0        0        0        0        0        0        0        0
        0        0        0        0        0        0        0        0
                 1.0                 1.0                 1.0            0.332736
            0.032565                2.45                 1.0            0.025261
                  10             0.27491        
